# yamllint disable
end-of-epoch: true
loss: 0.004025691937034328
stoi: 0.7055783271789551
unixtime: 1682574554.3922513
