# yamllint disable
end-of-epoch: true
loss: 0.02227279188732306
stoi: 0.49630603194236755
unixtime: 1682748301.414091
