# yamllint disable
end-of-epoch: true
loss: 0.022585576598842944
stoi: 0.4705628752708435
unixtime: 1682669716.990718
