# yamllint disable
end-of-epoch: true
loss: 0.021353087102373443
stoi: 0.4794166088104248
unixtime: 1682663368.6806228
