# yamllint disable
end-of-epoch: true
loss: 0.02376638693114122
stoi: 0.47624439001083374
unixtime: 1681892244.3205926
