# yamllint disable
end-of-epoch: true
loss: 0.012917211477955184
stoi: 0.5233292579650879
unixtime: 1682666209.7556515
