# yamllint disable
end-of-epoch: true
loss: 0.004060222931827109
stoi: 0.7048031687736511
unixtime: 1682589295.663634
