# yamllint disable
end-of-epoch: true
loss: 0.021320114682118096
stoi: 0.4791621267795563
unixtime: 1682663906.5140157
