# yamllint disable
end-of-epoch: true
loss: 0.023986671417951595
stoi: 0.47653940320014954
unixtime: 1681888530.9439096
