# yamllint disable
end-of-epoch: true
loss: 0.024324870357910797
stoi: 0.4866127669811249
unixtime: 1682740635.437155
