# yamllint disable
end-of-epoch: true
loss: 0.013560081298152603
stoi: 0.5255303978919983
unixtime: 1682743738.1698074
