# yamllint disable
end-of-epoch: true
loss: 0.022581477190057438
stoi: 0.46969085931777954
unixtime: 1682669993.048311
