# yamllint disable
end-of-epoch: true
loss: 0.03460513427853584
stoi: 0.4188667833805084
unixtime: 1681988196.1628757
