# yamllint disable
end-of-epoch: true
loss: 0.005676837711378117
stoi: 0.6801939606666565
unixtime: 1679307853.8939722
