# yamllint disable
end-of-epoch: true
loss: 0.013511373214423656
stoi: 0.5254510641098022
unixtime: 1682745251.608304
